0 22
0 27
0 30
0 34
0 37
0 44
0 44
0 49
0 50
0 51
0 55
0 63
0 66
0 72
0 75
0 93
0 94
0 101
0 103
0 108
0 110
0 110
0 113
0 134
0 134
0 137
1 31
1 34
1 44
1 44
1 47
1 60
1 69
1 70
1 75
1 75
1 78
1 84
1 84
1 116
1 136
2 14
2 25
2 44
2 44
2 50
2 91
2 119
3 0
3 0
3 0
3 3
3 5
3 5
3 31
3 34
3 37
3 44
3 51
3 59
3 63
3 65
3 65
3 65
3 68
3 83
3 95
3 98
3 113
4 21
4 25
4 35
4 36
4 38
4 41
4 44
4 44
4 44
4 50
4 69
4 77
4 91
4 95
4 95
4 97
4 101
4 102
4 106
4 108
4 110
4 111
4 111
4 116
4 119
4 121
4 123
4 129
4 131
4 131
4 134
4 136
5 59
5 62
5 62
5 68
5 68
5 82
5 93
5 96
5 105
5 126
5 129
5 130
6 6
6 22
6 22
6 25
6 26
6 31
6 36
6 44
6 44
6 58
6 58
6 74
6 80
6 90
6 93
6 96
6 111
6 113
6 126
6 139
7 57
7 70
7 72
7 93
7 93
7 97
7 97
7 102
7 105
7 107
7 117
7 117
7 120
7 129
7 135
8 2
8 2
8 3
8 3
8 4
8 5
8 19
8 28
8 29
8 30
8 30
8 36
8 49
8 50
8 51
8 80
8 95
8 102
8 105
8 113
8 116
9 0
9 2
9 5
9 6
9 8
9 9
9 17
9 41
9 43
9 49
9 62
9 66
9 66
9 77
9 102
9 104
9 123
9 124
9 124
9 125
9 126
9 129
9 132
10 24
10 30
10 30
10 39
10 61
10 77
10 77
10 78
10 109
10 129
10 132
10 135
11 37
11 40
11 43
11 66
11 86
11 88
11 88
11 89
11 89
11 91
11 91
11 94
11 119
11 121
11 121
11 124
11 133
12 24
12 27
12 45
12 49
12 62
12 64
12 68
12 68
12 87
12 87
12 125
12 128
13 28
13 31
13 74
13 76
13 97
13 99
13 100
13 100
13 100
13 106
13 106
13 108
13 123
14 0
14 3
14 32
14 32
14 35
14 35
14 35
14 38
14 45
14 48
14 62
14 68
14 86
14 97
14 113
14 139
15 10
15 24
15 28
15 32
15 43
15 68
15 77
15 77
15 85
15 87
15 90
15 93
15 93
15 96
15 100
15 108
15 118
15 119
15 119
15 120
16 1
16 11
16 19
16 45
16 66
16 69
16 81
16 110
16 116
16 138
16 139
16 139
17 1
17 18
17 24
17 24
17 27
17 29
17 31
17 48
17 57
17 63
17 64
17 78
17 78
17 81
17 86
17 97
17 100
17 130
17 130
17 133
18 5
18 38
18 38
18 56
18 56
18 62
18 62
18 70
18 70
18 74
18 79
18 81
18 106
18 120
18 125
18 126
18 127
18 127
18 135
18 136
19 21
19 24
19 42
19 45
19 48
19 64
19 79
19 79
19 79
19 82
19 83
19 89
19 90
19 96
19 98
19 98
19 103
19 120
19 123
20 9
20 9
20 9
20 11
20 11
20 27
20 35
20 53
20 59
20 68
20 70
20 76
20 103
21 13
21 48
21 50
21 50
21 51
21 64
21 67
21 70
21 77
21 78
21 114
21 114
21 117
21 118
21 127
22 4
22 4
22 7
22 21
22 23
22 34
22 38
22 38
22 51
22 54
22 60
22 73
22 75
22 75
22 75
22 89
22 104
22 107
22 116
22 132
22 135
22 136
22 139
23 47
23 57
23 67
23 90
23 115
23 118
24 4
24 7
24 13
24 15
24 18
24 23
24 38
24 38
24 42
24 44
24 44
24 48
24 48
24 55
24 58
24 106
24 107
24 108
24 115
24 118
24 126
24 128
24 130
25 3
25 12
25 15
25 21
25 21
25 22
25 32
25 46
25 50
25 57
25 58
25 67
25 73
25 73
25 80
25 110
25 115
25 115
25 119
26 3
26 7
26 7
26 14
26 16
26 17
26 20
26 25
26 33
26 35
26 36
26 38
26 38
26 38
26 41
26 63
26 63
26 66
26 66
26 69
26 71
26 74
26 80
26 83
26 87
26 95
26 97
26 103
26 103
26 111
26 115
26 126
26 131
26 132
26 133
27 5
27 8
27 11
27 25
27 38
27 40
27 50
27 51
27 72
27 115
27 128
27 131
28 7
28 7
28 10
28 17
28 22
28 25
28 26
28 29
28 32
28 36
28 39
28 42
28 86
28 86
28 93
28 97
28 97
28 97
28 100
28 103
28 104
28 104
28 106
28 106
28 110
28 111
28 117
28 121
28 121
28 124
28 128
28 128
28 134
29 1
29 22
29 49
29 58
29 58
29 61
29 80
29 87
29 89
29 116
30 0
30 4
30 10
30 11
30 11
30 13
30 16
30 23
30 26
30 26
30 29
30 30
30 35
30 50
30 63
30 63
30 66
30 85
30 92
30 94
30 100
30 103
30 117
30 134
30 134
30 137
30 137
31 18
31 18
31 50
31 55
31 57
31 57
31 69
31 79
31 84
31 97
31 100
31 133
32 13
32 28
32 28
32 36
32 39
32 40
32 40
32 42
32 46
32 77
32 83
32 97
32 97
32 97
32 109
32 109
32 115
32 115
32 118
32 123
32 124
32 130
32 130
32 133
33 14
33 17
33 63
33 63
33 73
33 73
33 76
34 14
34 39
34 50
34 50
34 60
34 72
34 77
34 93
34 96
34 108
34 111
34 113
34 121
34 124
34 125
34 133
34 136
34 138
35 1
35 2
35 7
35 8
35 17
35 17
35 21
35 23
35 24
35 32
35 32
35 44
35 58
35 124
35 124
35 127
35 128
35 130
36 6
36 18
36 21
36 45
36 50
36 75
36 88
36 88
36 95
36 112
36 112
37 24
37 24
37 54
37 54
37 57
37 58
37 62
37 62
37 74
37 91
37 99
37 99
37 106
37 110
37 113
37 115
37 118
37 129
38 2
38 5
38 20
38 28
38 28
38 31
38 42
38 44
38 46
38 46
38 54
38 57
38 60
38 62
38 89
38 97
38 99
38 103
38 105
38 108
38 108
38 111
38 137
39 2
39 4
39 6
39 6
39 9
39 14
39 17
39 19
39 24
39 24
39 24
39 27
39 28
39 28
39 31
39 41
39 41
39 83
39 83
39 93
39 95
39 115
39 121
39 121
39 122
40 0
40 0
40 3
40 28
40 32
40 41
40 47
40 50
40 53
40 72
40 78
40 78
40 81
40 110
40 111
40 114
40 125
40 134
41 5
41 8
41 10
41 20
41 20
41 23
41 28
41 28
41 35
41 35
41 37
41 77
41 79
41 82
41 83
41 83
41 107
41 107
41 107
41 110
41 110
41 111
41 111
41 114
41 127
41 130
42 0
42 0
42 3
42 13
42 16
42 17
42 24
42 24
42 24
42 27
42 51
42 53
42 64
42 64
42 67
42 72
42 72
42 87
42 89
42 136
43 0
43 0
43 0
43 3
43 6
43 7
43 9
43 9
43 11
43 11
43 11
43 14
43 39
43 39
43 40
43 62
43 62
43 66
43 75
43 78
43 83
43 91
43 101
43 101
43 103
43 103
43 107
43 116
43 118
43 122
43 129
43 129
44 0
44 3
44 6
44 9
44 17
44 30
44 30
44 31
44 32
44 32
44 32
44 33
44 33
44 55
44 64
44 103
44 103
44 114
45 20
45 20
45 34
45 40
45 40
45 43
45 43
45 56
45 62
45 86
45 86
45 88
45 94
45 94
45 101
45 101
45 114
45 117
45 125
45 125
45 134
45 136
45 136
46 0
46 0
46 3
46 28
46 68
46 75
46 77
46 77
46 79
46 80
46 96
46 109
46 120
46 136
46 136
46 139
47 8
47 9
47 9
47 46
47 136
47 139
48 7
48 8
48 14
48 16
48 18
48 27
48 34
48 35
48 37
48 42
48 50
48 50
48 50
48 53
48 54
48 54
48 56
48 56
48 72
48 72
48 102
48 109
48 116
49 3
49 10
49 10
49 18
49 18
49 21
49 27
49 27
49 32
49 32
49 38
49 41
49 44
49 54
49 60
49 60
49 65
49 65
49 68
49 86
49 89
49 91
49 93
49 109
49 124
49 127
49 129
49 129
49 129
49 131
49 131
49 133
49 133
49 135
49 135
49 136
49 137
49 139
50 33
50 41
50 59
50 77
50 83
50 86
50 86
50 98
50 98
50 101
50 101
50 105
50 105
50 131
50 131
51 11
51 11
51 20
51 20
51 29
51 46
51 46
51 59
51 62
51 63
51 63
51 66
51 79
51 83
51 85
51 85
51 94
51 116
51 128
51 136
52 3
52 9
52 33
52 42
52 53
52 76
52 92
52 95
52 98
52 98
52 100
52 103
52 104
52 104
52 131
52 131
52 135
53 10
53 15
53 21
53 21
53 24
53 33
53 51
53 63
53 66
53 79
53 110
53 114
53 135
53 135
54 7
54 29
54 31
54 38
54 39
54 39
54 40
54 43
54 43
54 68
54 70
54 70
54 70
54 72
54 72
54 73
54 76
54 76
54 77
54 78
54 79
54 83
54 90
54 90
54 92
54 92
54 96
54 97
54 99
54 99
54 99
54 104
54 105
54 114
54 120
54 120
55 6
55 6
55 15
55 15
55 18
55 18
55 20
55 20
55 21
55 21
55 44
55 52
55 54
55 54
55 60
55 77
55 87
55 109
55 124
56 31
56 50
56 88
56 96
56 104
56 104
57 2
57 3
57 5
57 6
57 6
57 13
57 16
57 16
57 22
57 35
57 37
57 42
57 51
57 83
57 89
57 108
57 109
57 109
57 133
58 1
58 6
58 9
58 14
58 21
58 24
58 34
58 37
58 54
58 56
58 60
58 71
58 74
58 75
58 75
58 76
58 76
58 76
58 76
58 78
58 93
58 103
58 103
58 107
58 120
58 123
58 126
58 130
58 131
58 135
58 137
58 137
59 0
59 22
59 22
59 26
59 42
59 42
59 52
59 58
59 58
59 61
59 98
59 118
59 120
59 130
60 10
60 14
60 14
60 29
60 31
60 31
60 51
60 73
60 79
60 82
60 84
60 92
60 94
60 108
60 108
60 119
60 133
61 0
61 1
61 5
61 23
61 45
61 46
61 46
61 48
61 58
61 58
61 86
61 89
61 106
61 113
61 116
61 117
61 120
61 133
61 138
61 139
61 139
61 139
62 0
62 14
62 32
62 32
62 36
62 48
62 56
62 84
62 84
62 87
62 92
63 6
63 12
63 20
63 26
63 26
63 43
63 43
63 45
63 45
63 48
63 64
63 65
63 98
63 98
63 101
63 106
63 106
63 108
63 112
63 114
63 114
63 129
63 133
64 32
64 35
64 63
64 70
64 70
64 79
64 79
64 81
64 86
64 118
64 127
64 131
64 133
64 138
65 20
65 20
65 23
65 41
65 44
65 44
65 56
65 63
65 66
65 88
65 129
65 132
66 12
66 12
66 16
66 16
66 49
66 52
66 59
66 59
66 62
66 76
66 114
66 118
66 118
66 119
66 121
66 121
66 123
66 124
66 124
66 125
67 1
67 5
67 28
67 32
67 49
67 70
67 94
67 97
67 97
67 99
67 109
67 111
67 114
67 124
67 134
67 138
68 6
68 9
68 35
68 49
68 56
68 63
68 74
68 92
68 95
68 107
68 129
69 23
69 25
69 26
69 29
69 31
69 52
69 53
69 54
69 55
69 55
69 55
69 105
69 105
69 108
69 131
69 133
70 0
70 3
70 5
70 6
70 8
70 8
70 14
70 36
70 40
70 47
70 48
70 66
70 66
70 69
70 80
70 80
70 122
70 122
70 125
70 126
71 24
71 30
71 31
71 42
71 56
71 61
71 63
71 66
71 72
71 74
71 76
71 76
71 88
71 91
71 91
71 105
71 105
72 0
72 2
72 30
72 33
72 55
72 58
72 68
72 70
72 115
72 117
72 129
72 129
72 130
72 133
72 133
72 133
73 6
73 14
73 14
73 24
73 24
73 33
73 42
73 60
73 60
73 64
73 86
73 91
73 101
73 103
73 106
73 108
73 108
73 109
73 110
73 110
73 110
73 113
73 134
73 134
74 5
74 5
74 37
74 40
74 41
74 58
74 68
74 71
74 75
74 75
74 89
74 90
74 91
74 93
74 93
74 97
74 117
74 121
74 122
74 122
74 138
75 1
75 4
75 19
75 19
75 46
75 68
75 71
75 74
75 77
75 77
75 78
75 95
75 97
75 102
75 112
75 134
75 134
76 13
76 19
76 42
76 42
76 42
76 45
76 67
76 68
76 74
76 82
76 86
76 89
76 96
76 118
76 134
76 137
77 1
77 1
77 4
77 17
77 29
77 29
77 64
77 91
77 103
77 134
77 134
78 5
78 6
78 16
78 16
78 27
78 36
78 36
78 36
78 39
78 50
78 52
78 71
78 75
78 75
78 114
78 117
78 117
78 117
78 138
79 1
79 3
79 18
79 44
79 49
79 59
79 77
79 79
79 112
79 112
79 134
79 134
79 137
79 139
80 0
80 6
80 19
80 27
80 30
80 36
80 42
80 46
80 47
80 48
80 65
80 65
80 65
80 75
80 75
80 78
80 82
80 86
80 92
80 94
80 95
80 95
80 98
80 99
80 106
80 109
80 112
80 116
80 120
80 127
80 128
80 128
80 131
80 134
81 25
81 33
81 50
81 69
81 72
81 98
81 104
81 133
81 134
81 136
81 138
81 139
82 19
82 19
82 42
82 55
82 71
82 71
82 75
82 89
82 89
82 91
82 91
82 91
82 93
82 93
82 106
82 110
82 112
82 118
83 30
83 51
83 65
83 69
83 69
83 82
83 85
83 100
83 100
83 101
83 101
83 123
83 123
83 126
84 8
84 8
84 13
84 13
84 15
84 16
84 16
84 41
84 71
84 71
84 74
84 75
84 82
84 103
84 103
84 111
84 127
84 129
84 137
85 0
85 9
85 10
85 18
85 24
85 62
85 64
85 73
85 83
85 124
85 124
85 127
85 127
85 131
85 133
85 133
86 0
86 3
86 11
86 11
86 15
86 17
86 44
86 47
86 48
86 49
86 65
86 73
86 75
86 78
86 82
86 85
86 91
86 92
86 106
86 119
87 0
87 5
87 7
87 7
87 10
87 25
87 39
87 39
87 42
87 65
87 91
87 91
87 97
87 97
87 104
87 104
87 105
87 115
87 133
87 135
88 14
88 14
88 15
88 33
88 36
88 41
88 41
88 57
88 57
88 60
88 79
88 81
88 108
88 110
88 116
88 121
89 0
89 0
89 3
89 3
89 24
89 24
89 24
89 27
89 27
89 29
89 29
89 33
89 43
89 61
89 65
89 68
89 77
89 95
89 119
89 124
89 129
89 133
90 16
90 26
90 30
90 31
90 40
90 45
90 48
90 65
90 97
90 100
90 116
90 118
90 133
90 135
90 135
90 135
90 138
91 0
91 0
91 6
91 8
91 8
91 8
91 11
91 12
91 12
91 16
91 18
91 54
91 59
91 62
91 65
91 67
91 73
91 73
91 81
91 88
91 90
91 90
91 91
91 96
91 98
91 100
91 102
91 115
91 116
91 123
92 12
92 19
92 34
92 34
92 41
92 84
92 87
92 90
92 112
92 129
92 133
93 19
93 21
93 27
93 37
93 53
93 55
93 57
93 60
93 60
93 64
93 65
93 66
93 66
93 76
93 79
93 104
93 107
94 28
94 38
94 48
94 94
94 98
94 101
94 102
94 109
94 127
94 135
95 7
95 19
95 22
95 27
95 28
95 34
95 49
95 49
95 52
95 56
95 61
95 68
95 68
95 70
95 70
95 73
95 76
95 77
95 79
95 80
95 84
95 90
95 98
95 100
95 106
95 108
95 115
95 118
95 133
95 133
96 17
96 28
96 28
96 48
96 62
96 66
96 84
96 96
96 96
96 112
96 119
97 21
97 21
97 27
97 68
97 69
97 69
97 72
97 73
97 109
97 111
97 115
97 115
98 47
98 51
98 59
98 68
98 71
98 88
98 107
98 109
98 112
98 131
98 134
98 134
98 135
99 3
99 35
99 35
99 39
99 39
99 39
99 42
99 53
99 55
99 55
99 59
99 103
99 122
99 133
99 136
100 15
100 21
100 23
100 33
100 35
100 39
100 55
100 55
100 68
100 83
100 93
100 94
100 96
100 101
100 105
100 111
100 111
100 127
100 136
100 138
101 8
101 21
101 35
101 35
101 46
101 77
101 77
101 77
101 78
101 83
101 91
101 101
101 112
101 121
101 124
101 126
101 127
101 133
102 3
102 19
102 45
102 68
102 68
102 68
102 69
102 81
102 89
102 89
102 91
102 93
102 97
102 97
102 102
102 107
102 137
103 3
103 9
103 9
103 14
103 24
103 27
103 28
103 30
103 44
103 51
103 54
103 58
103 77
103 83
103 97
103 100
103 101
103 101
103 109
103 109
103 111
103 114
103 120
103 120
104 3
104 15
104 16
104 48
104 48
104 71
104 113
104 122
104 132
105 7
105 8
105 10
105 14
105 17
105 22
105 26
105 28
105 28
105 40
105 43
105 59
105 63
105 64
105 73
105 73
105 76
105 77
105 91
105 101
105 101
105 104
105 111
105 120
105 121
105 125
105 127
105 127
106 20
106 64
106 71
106 77
106 93
106 95
106 98
106 99
106 105
106 118
107 10
107 40
107 42
107 46
107 49
107 83
107 87
107 89
107 89
107 89
107 92
107 97
107 134
107 134
107 137
108 1
108 45
108 50
108 50
108 51
108 57
108 68
108 68
108 71
108 76
108 89
108 103
108 115
108 116
108 118
108 118
108 132
109 25
109 34
109 35
109 35
109 41
109 43
109 46
109 59
109 67
109 82
109 91
109 109
109 109
109 111
109 113
110 11
110 23
110 26
110 33
110 33
110 36
110 36
110 45
110 57
110 60
110 63
110 115
110 129
110 135
111 5
111 23
111 38
111 61
111 63
111 63
111 63
111 66
111 67
111 85
111 91
111 91
111 95
111 95
111 105
111 107
111 107
111 115
111 119
111 133
112 0
112 10
112 17
112 25
112 30
112 36
112 45
112 46
112 53
112 56
112 59
112 68
112 69
112 72
112 74
112 78
112 87
112 89
112 95
112 103
112 103
112 107
112 109
112 118
113 10
113 31
113 54
113 59
113 63
113 66
113 76
113 101
113 103
113 106
113 108
113 119
113 133
113 133
113 136
113 137
114 3
114 3
114 12
114 12
114 17
114 17
114 21
114 24
114 26
114 41
114 55
114 57
114 59
114 59
114 60
114 63
114 68
114 68
114 82
114 87
114 103
114 109
114 117
114 119
114 133
115 23
115 30
115 91
115 91
115 91
115 94
115 96
115 97
115 97
115 99
115 103
115 103
115 103
115 106
115 109
115 109
115 111
115 111
115 113
115 120
115 124
115 125
116 2
116 15
116 15
116 26
116 26
116 28
116 42
116 42
116 45
116 45
116 55
116 58
116 82
116 98
116 113
116 116
116 125
116 125
116 125
116 139
116 139
117 55
117 90
117 102
117 133
117 136
118 9
118 10
118 15
118 23
118 23
118 29
118 29
118 36
118 43
118 49
118 126
119 0
119 17
119 35
119 35
119 51
119 54
119 59
119 76
119 79
119 80
119 83
119 90
119 90
119 91
119 116
119 116
119 131
119 131
119 131
120 16
120 16
120 23
120 23
120 24
120 24
120 37
120 53
120 89
120 105
120 107
120 135
121 0
121 3
121 39
121 68
122 0
122 3
122 11
122 23
122 23
122 41
122 43
122 43
122 60
122 63
122 64
122 64
122 73
122 73
122 74
122 74
122 74
122 77
122 83
122 88
122 98
122 98
122 100
122 101
122 103
122 120
123 4
123 10
123 10
123 11
123 11
123 31
123 34
123 49
123 52
123 57
123 58
123 76
123 83
123 84
123 84
123 86
123 86
123 97
123 98
123 98
123 101
123 109
123 115
123 127
123 136
124 0
124 22
124 26
124 26
124 27
124 44
124 44
124 63
124 69
124 100
124 101
124 107
124 107
124 107
124 107
124 113
124 113
124 116
124 117
124 119
124 125
124 125
124 135
125 9
125 41
125 90
125 137
126 11
126 15
126 15
126 20
126 25
126 43
126 47
126 47
126 47
126 49
126 52
126 59
126 62
126 90
126 90
126 104
126 104
126 108
126 108
126 110
126 113
126 113
126 129
127 4
127 4
127 7
127 9
127 12
127 14
127 23
127 27
127 33
127 59
127 69
127 79
127 89
127 91
127 94
127 121
127 125
127 139
128 25
128 31
128 31
128 41
128 43
128 52
128 59
128 83
128 94
128 103
128 130
128 130
128 132
129 0
129 0
129 4
129 13
129 13
129 17
129 19
129 19
129 22
129 33
129 41
129 59
129 89
129 94
129 94
129 94
129 97
129 98
129 98
129 102
129 105
129 109
129 134
130 31
130 31
130 39
130 42
130 44
130 44
130 44
130 45
130 46
130 48
130 48
130 75
130 76
130 76
130 79
130 95
130 114
130 134
130 134
130 134
130 137
130 138
131 7
131 38
131 41
131 48
131 55
131 73
131 76
131 87
131 89
131 89
131 99
131 99
131 102
131 116
131 119
131 120
131 120
131 125
131 134
131 134
131 134
131 137
132 0
132 0
132 0
132 3
132 11
132 11
132 31
132 31
132 53
132 55
132 55
132 58
132 82
132 83
132 87
132 91
132 103
132 103
132 104
132 105
132 105
132 105
132 108
132 113
132 134
132 134
133 4
133 6
133 8
133 8
133 10
133 10
133 10
133 15
133 17
133 20
133 21
133 32
133 42
133 45
133 55
133 55
133 55
133 58
133 60
133 62
133 63
133 63
133 65
133 80
133 82
133 111
133 116
133 125
133 128
133 130
133 130
133 134
133 134
134 5
134 24
134 24
134 33
134 35
134 38
134 45
134 46
134 49
134 60
134 66
134 66
134 69
134 77
134 78
134 79
134 86
134 97
134 107
134 109
134 109
134 114
134 116
134 116
134 123
135 40
135 43
135 54
135 71
135 72
135 86
135 88
135 88
135 88
135 96
135 97
135 100
135 108
135 118
135 119
135 125
135 129
135 130
136 9
136 12
136 17
136 17
136 20
136 22
136 23
136 34
136 34
136 34
136 36
136 39
136 40
136 41
136 46
136 46
136 48
136 70
136 86
136 104
136 113
136 115
136 117
136 117
136 118
136 119
136 119
137 21
137 24
137 71
137 75
137 75
137 89
137 126
137 129
138 4
138 6
138 10
138 12
138 13
138 52
138 54
138 76
138 105
138 132
138 136
139 6
139 56
139 57
139 58
139 59
139 73
139 73
139 76
139 88
139 126
139 129
139 130
